255                                                                          
255                                                                          
255                                                                          
255                                                                          
255                                                                          
255                                                     
255                                                     
255                                                     
255                                                     
255                                                     
255                                                     
255
255
255
255                                                                             
255                                                                             
255                                                                             
255                                                                             
255                                                                             
255                                                                             
255                                                                             
255                                                                             
255                                                                             
255                                                                             
255                                                                             
255                                                                             
255                                                                             
255                                                                             
255                                                                             
255                                                                             
255                                                                             
255                                                                             
255                                                                             
255                                                                             
255                                                                             
255                                                                             
255                                                                             
255                                                                             
255                                                                             
255                                                                             
255                                                                             
255                                                                             
255                                                                             
255                                                                             
255                                                                             
255                                                                             
255                                                                             
255                                                                             
255                                                                             
255                                                                             
255                                                                             
255                                                                             
255                                                                             
255                                                                             
255                                                                             
255                                                                             
255                                                                             
255                                                                             
255                                                                             
255                                                                             
255                                                                             
255                                                                             
255                                                                             
255                                                                             
255                                                                             
255                                                                             
255                                                                             
255                                                                             
255                                                                             
255                                                                             
255                                                                             
255                                                                             
255                                                                             
255                                                                             
255                                                                             
255                                                                             
255                                                                             
255                                                                             
255                                                                             
255                                                                             
255                                                                             
255                                                                             
255                                                                             
255                                                                             
255                                                                             
255                                                                             
255                                                                             
255                                                                             
255                                                                             
255                                                                             
255                                                                             
255                                                                             
255                                                                             
255                                                                             
255                                                                             
255                                                                             
187                                                                             
205                                                                             
222                                                                             
242                                                                             
235                                                                             
255                                                                             
247                                                                             
250                                                                             
242                                                                             
234                                                                             
226                                                                             
228                                                                             
220                                                                             
212                                                                             
214                                                                             
205                                                                             
207                                                                             
199                                                                             
200                                                                             
192                                                                             
193                                                                             
195                                                                             
186                                                                             
188                                                                             
189                                                                             
180                                                                             
182                                                                             
183                                                                             
184                                                                             
185                                                                             
187                                                                             
188                                                                             
189                                                                             
191                                                                             
192                                                                             
193                                                                             
195                                                                             
196                                                                             
197                                                                             
198                                                                             
200                                                                             
201                                                                             
202                                                                             
204                                                                             
205                                                                             
216                                                                             
218                                                                             
219                                                                             
220                                                                             
222                                                                             
223                                                                             
225                                                                             
226                                                                             
227                                                                             
229                                                                             
230                                                                             
222                                                                             
233                                                                             
224                                                                             
225                                                                             
227                                                                             
228                                                                             
219                                                                             
221                                                                             
222                                                                             
223                                                                             
224                                                                             
215                                                                             
216                                                                             
217                                                                             
209                                                                             
210                                                                             
211                                                                             
212                                                                             
202                                                                             
203                                                                             
204                                                                             
205                                                                             
196                                                                             
197                                                                             
197                                                                             
198                                                                             
189                                                                             
190                                                                             
190                                                                             
191                                                                             
192                                                                             
182                                                                             
183                                                                             
184                                                                             
184                                                                             
185                                                                             
185                                                                             
186                                                                             
187                                                                             
187                                                                             
188                                                                             
188                                                                             
189                                                                             
190                                                                             
190                                                                             
191                                                                             
191                                                                             
192                                                                             
193                                                                             
193                                                                             
194                                                                             
194                                                                             
195                                                                             
206                                                                             
206                                                                             
217                                                                             
208                                                                             
229                                                                             
192                                                                             
162                                                                             
185                                                                             
207                                                                             
205                                                                             
227                                                                             
225                                                                             
247                                                                             
245                                                                             
242                                                                             
240                                                                             
237                                                                             
235                                                                             
254                                                                             
254                                                                             
255                                                                             
252                                                                             
247                                                                             
247                                                                             
248                                                                             
245                                                                             
250                                                                             
250                                                                             
251                                                                             
242                                                                             
242                                                                             
243                                                                             
233                                                                             
234                                                                             
224                                                                             
225                                                                             
215                                                                             
215                                                                             
206                                                                             
196                                                                             
186                                                                             
186                                                                             
186                                                                             
166                                                                             
165                                                                             
155                                                                             
156                                                                             
155                                                                             
165                                                                             
175                                                                             
175                                                                             
185                                                                             
185                                                                             
196                                                                             
196                                                                             
206                                                                             
206                                                                             
207                                                                             
217                                                                             
217                                                                             
218                                                                             
218                                                                             
229                                                                             
229                                                                             
230                                                                             
230                                                                             
231                                                                             
231                                                                             
221                                                                             
222                                                                             
222                                                                             
213                                                                             
213                                                                             
213                                                                             
213                                                                             
214                                                                             
204                                                                             
204                                                                             
194                                                                             
194                                                                             
184                                                                             
184                                                                             
184                                                                             
174                                                                             
174                                                                             
164                                                                             
164                                                                             
164                                                                             
163                                                                             
153                                                                             
153                                                                             
157                                                                             
157                                                                             
157                                                                             
157                                                                             
156                                                                             
156                                                                             
166                                                                             
166                                                                             
166                                                                             
166                                                                             
166                                                                             
176                                                                             
176                                                                             
176                                                                             
176                                                                             
186                                                                             
186                                                                             
186                                                                             
186                                                                             
186                                                                             
186                                                                             
186                                                                             
196                                                                             
197                                                                             
197                                                                             
197                                                                             
187                                                                             
187                                                                             
187                                                                             
187                                                                             
187                                                                             
188                                                                             
188                                                                             
188                                                                             
188                                                                             
188                                                                             
188                                                                             
188                                                                             
188  