153                                                                          
153                                                                          
153                                                                          
153                                                                          
153                                                                          
153                                                     
153                                                     
154                                                     
154                                                     
154                                                     
154                                                     
154
154
154
155                                                                             
155                                                                             
155                                                                             
155                                                                             
155                                                                             
156                                                                             
156                                                                             
156                                                                             
156                                                                             
156                                                                             
157                                                                             
157                                                                             
157                                                                             
157                                                                             
157                                                                             
158                                                                             
158                                                                             
158                                                                             
158                                                                             
158                                                                             
158                                                                             
158                                                                             
159                                                                             
159                                                                             
159                                                                             
159                                                                             
159                                                                             
159                                                                             
159                                                                             
159                                                                             
159                                                                             
159                                                                             
160                                                                             
160                                                                             
160                                                                             
160                                                                             
160                                                                             
160                                                                             
160                                                                             
160                                                                             
160                                                                             
160                                                                             
160                                                                             
160                                                                             
160                                                                             
160                                                                             
160                                                                             
160                                                                             
160                                                                             
160                                                                             
160                                                                             
161                                                                             
160                                                                             
161                                                                             
160                                                                             
160                                                                             
161                                                                             
161                                                                             
160                                                                             
160                                                                             
160                                                                             
160                                                                             
160                                                                             
160                                                                             
160                                                                             
160                                                                             
160                                                                             
160                                                                             
160                                                                             
160                                                                             
160                                                                             
160                                                                             
160                                                                             
160                                                                             
160                                                                             
160                                                                             
160                                                                             
160                                                                             
160                                                                             
160                                                                             
160                                                                             
160                                                                             
160                                                                             
160                                                                             
160                                                                             
160                                                                             
160                                                                             
160                                                                             
160                                                                             
160                                                                             
160                                                                             
160                                                                             
160                                                                             
160                                                                             
161                                                                             
160                                                                             
160                                                                             
161                                                                             
160                                                                             
161                                                                             
161                                                                             
161                                                                             
161                                                                             
161                                                                             
161                                                                             
161                                                                             
161                                                                             
161                                                                             
161                                                                             
161                                                                             
161                                                                             
161                                                                             
161                                                                             
161                                                                             
161                                                                             
161                                                                             
161                                                                             
161                                                                             
161                                                                             
161                                                                             
161                                                                             
161                                                                             
161                                                                             
161                                                                             
161                                                                             
161                                                                             
161                                                                             
161                                                                             
161                                                                             
161                                                                             
161                                                                             
161                                                                             
161    